-2.00000000 -2.00000000  0.000000000000e+00
-2.00000000 -1.90000000  3.900000000000e-01
-2.00000000 -1.80000000  7.600000000000e-01
-2.00000000 -1.70000000  1.110000000000e+00
-2.00000000 -1.60000000  1.440000000000e+00
-2.00000000 -1.50000000  1.750000000000e+00
-2.00000000 -1.40000000  2.040000000000e+00
-2.00000000 -1.30000000  2.310000000000e+00
-2.00000000 -1.20000000  2.560000000000e+00
-2.00000000 -1.10000000  2.790000000000e+00
-2.00000000 -1.00000000  3.000000000000e+00
-2.00000000 -0.90000000  3.190000000000e+00
-2.00000000 -0.80000000  3.360000000000e+00
-2.00000000 -0.70000000  3.510000000000e+00
-2.00000000 -0.60000000  3.640000000000e+00
-2.00000000 -0.50000000  3.750000000000e+00
-2.00000000 -0.40000000  3.840000000000e+00
-2.00000000 -0.30000000  3.910000000000e+00
-2.00000000 -0.20000000  3.960000000000e+00
-2.00000000 -0.10000000  3.990000000000e+00
-2.00000000  0.00000000  4.000000000000e+00
-2.00000000  0.10000000  3.990000000000e+00
-2.00000000  0.20000000  3.960000000000e+00
-2.00000000  0.30000000  3.910000000000e+00
-2.00000000  0.40000000  3.840000000000e+00
-2.00000000  0.50000000  3.750000000000e+00
-2.00000000  0.60000000  3.640000000000e+00
-2.00000000  0.70000000  3.510000000000e+00
-2.00000000  0.80000000  3.360000000000e+00
-2.00000000  0.90000000  3.190000000000e+00
-2.00000000  1.00000000  3.000000000000e+00
-2.00000000  1.10000000  2.790000000000e+00
-2.00000000  1.20000000  2.560000000000e+00
-2.00000000  1.30000000  2.310000000000e+00
-2.00000000  1.40000000  2.040000000000e+00
-2.00000000  1.50000000  1.750000000000e+00
-2.00000000  1.60000000  1.440000000000e+00
-2.00000000  1.70000000  1.110000000000e+00
-2.00000000  1.80000000  7.600000000000e-01
-2.00000000  1.90000000  3.900000000000e-01
-2.00000000  2.00000000  0.000000000000e+00
-1.90000000 -2.00000000 -3.900000000000e-01
-1.90000000 -1.90000000  0.000000000000e+00
-1.90000000 -1.80000000  3.700000000000e-01
-1.90000000 -1.70000000  7.200000000000e-01
-1.90000000 -1.60000000  1.050000000000e+00
-1.90000000 -1.50000000  1.360000000000e+00
-1.90000000 -1.40000000  1.650000000000e+00
-1.90000000 -1.30000000  1.920000000000e+00
-1.90000000 -1.20000000  2.170000000000e+00
-1.90000000 -1.10000000  2.400000000000e+00
-1.90000000 -1.00000000  2.610000000000e+00
-1.90000000 -0.90000000  2.800000000000e+00
-1.90000000 -0.80000000  2.970000000000e+00
-1.90000000 -0.70000000  3.120000000000e+00
-1.90000000 -0.60000000  3.250000000000e+00
-1.90000000 -0.50000000  3.360000000000e+00
-1.90000000 -0.40000000  3.450000000000e+00
-1.90000000 -0.30000000  3.520000000000e+00
-1.90000000 -0.20000000  3.570000000000e+00
-1.90000000 -0.10000000  3.600000000000e+00
-1.90000000  0.00000000  3.610000000000e+00
-1.90000000  0.10000000  3.600000000000e+00
-1.90000000  0.20000000  3.570000000000e+00
-1.90000000  0.30000000  3.520000000000e+00
-1.90000000  0.40000000  3.450000000000e+00
-1.90000000  0.50000000  3.360000000000e+00
-1.90000000  0.60000000  3.250000000000e+00
-1.90000000  0.70000000  3.120000000000e+00
-1.90000000  0.80000000  2.970000000000e+00
-1.90000000  0.90000000  2.800000000000e+00
-1.90000000  1.00000000  2.610000000000e+00
-1.90000000  1.10000000  2.400000000000e+00
-1.90000000  1.20000000  2.170000000000e+00
-1.90000000  1.30000000  1.920000000000e+00
-1.90000000  1.40000000  1.650000000000e+00
-1.90000000  1.50000000  1.360000000000e+00
-1.90000000  1.60000000  1.050000000000e+00
-1.90000000  1.70000000  7.200000000000e-01
-1.90000000  1.80000000  3.700000000000e-01
-1.90000000  1.90000000 -1.332267629550e-15
-1.90000000  2.00000000 -3.900000000000e-01
-1.80000000 -2.00000000 -7.600000000000e-01
-1.80000000 -1.90000000 -3.700000000000e-01
-1.80000000 -1.80000000  0.000000000000e+00
-1.80000000 -1.70000000  3.500000000000e-01
-1.80000000 -1.60000000  6.800000000000e-01
-1.80000000 -1.50000000  9.900000000000e-01
-1.80000000 -1.40000000  1.280000000000e+00
-1.80000000 -1.30000000  1.550000000000e+00
-1.80000000 -1.20000000  1.800000000000e+00
-1.80000000 -1.10000000  2.030000000000e+00
-1.80000000 -1.00000000  2.240000000000e+00
-1.80000000 -0.90000000  2.430000000000e+00
-1.80000000 -0.80000000  2.600000000000e+00
-1.80000000 -0.70000000  2.750000000000e+00
-1.80000000 -0.60000000  2.880000000000e+00
-1.80000000 -0.50000000  2.990000000000e+00
-1.80000000 -0.40000000  3.080000000000e+00
-1.80000000 -0.30000000  3.150000000000e+00
-1.80000000 -0.20000000  3.200000000000e+00
-1.80000000 -0.10000000  3.230000000000e+00
-1.80000000  0.00000000  3.240000000000e+00
-1.80000000  0.10000000  3.230000000000e+00
-1.80000000  0.20000000  3.200000000000e+00
-1.80000000  0.30000000  3.150000000000e+00
-1.80000000  0.40000000  3.080000000000e+00
-1.80000000  0.50000000  2.990000000000e+00
-1.80000000  0.60000000  2.880000000000e+00
-1.80000000  0.70000000  2.750000000000e+00
-1.80000000  0.80000000  2.600000000000e+00
-1.80000000  0.90000000  2.430000000000e+00
-1.80000000  1.00000000  2.240000000000e+00
-1.80000000  1.10000000  2.030000000000e+00
-1.80000000  1.20000000  1.800000000000e+00
-1.80000000  1.30000000  1.550000000000e+00
-1.80000000  1.40000000  1.280000000000e+00
-1.80000000  1.50000000  9.900000000000e-01
-1.80000000  1.60000000  6.800000000000e-01
-1.80000000  1.70000000  3.500000000000e-01
-1.80000000  1.80000000 -8.881784197001e-16
-1.80000000  1.90000000 -3.700000000000e-01
-1.80000000  2.00000000 -7.600000000000e-01
-1.70000000 -2.00000000 -1.110000000000e+00
-1.70000000 -1.90000000 -7.200000000000e-01
-1.70000000 -1.80000000 -3.500000000000e-01
-1.70000000 -1.70000000  0.000000000000e+00
-1.70000000 -1.60000000  3.300000000000e-01
-1.70000000 -1.50000000  6.400000000000e-01
-1.70000000 -1.40000000  9.300000000000e-01
-1.70000000 -1.30000000  1.200000000000e+00
-1.70000000 -1.20000000  1.450000000000e+00
-1.70000000 -1.10000000  1.680000000000e+00
-1.70000000 -1.00000000  1.890000000000e+00
-1.70000000 -0.90000000  2.080000000000e+00
-1.70000000 -0.80000000  2.250000000000e+00
-1.70000000 -0.70000000  2.400000000000e+00
-1.70000000 -0.60000000  2.530000000000e+00
-1.70000000 -0.50000000  2.640000000000e+00
-1.70000000 -0.40000000  2.730000000000e+00
-1.70000000 -0.30000000  2.800000000000e+00
-1.70000000 -0.20000000  2.850000000000e+00
-1.70000000 -0.10000000  2.880000000000e+00
-1.70000000  0.00000000  2.890000000000e+00
-1.70000000  0.10000000  2.880000000000e+00
-1.70000000  0.20000000  2.850000000000e+00
-1.70000000  0.30000000  2.800000000000e+00
-1.70000000  0.40000000  2.730000000000e+00
-1.70000000  0.50000000  2.640000000000e+00
-1.70000000  0.60000000  2.530000000000e+00
-1.70000000  0.70000000  2.400000000000e+00
-1.70000000  0.80000000  2.250000000000e+00
-1.70000000  0.90000000  2.080000000000e+00
-1.70000000  1.00000000  1.890000000000e+00
-1.70000000  1.10000000  1.680000000000e+00
-1.70000000  1.20000000  1.450000000000e+00
-1.70000000  1.30000000  1.200000000000e+00
-1.70000000  1.40000000  9.300000000000e-01
-1.70000000  1.50000000  6.400000000000e-01
-1.70000000  1.60000000  3.300000000000e-01
-1.70000000  1.70000000 -8.881784197001e-16
-1.70000000  1.80000000 -3.500000000000e-01
-1.70000000  1.90000000 -7.200000000000e-01
-1.70000000  2.00000000 -1.110000000000e+00
-1.60000000 -2.00000000 -1.440000000000e+00
-1.60000000 -1.90000000 -1.050000000000e+00
-1.60000000 -1.80000000 -6.800000000000e-01
-1.60000000 -1.70000000 -3.300000000000e-01
-1.60000000 -1.60000000  0.000000000000e+00
-1.60000000 -1.50000000  3.100000000000e-01
-1.60000000 -1.40000000  6.000000000000e-01
-1.60000000 -1.30000000  8.700000000000e-01
-1.60000000 -1.20000000  1.120000000000e+00
-1.60000000 -1.10000000  1.350000000000e+00
-1.60000000 -1.00000000  1.560000000000e+00
-1.60000000 -0.90000000  1.750000000000e+00
-1.60000000 -0.80000000  1.920000000000e+00
-1.60000000 -0.70000000  2.070000000000e+00
-1.60000000 -0.60000000  2.200000000000e+00
-1.60000000 -0.50000000  2.310000000000e+00
-1.60000000 -0.40000000  2.400000000000e+00
-1.60000000 -0.30000000  2.470000000000e+00
-1.60000000 -0.20000000  2.520000000000e+00
-1.60000000 -0.10000000  2.550000000000e+00
-1.60000000  0.00000000  2.560000000000e+00
-1.60000000  0.10000000  2.550000000000e+00
-1.60000000  0.20000000  2.520000000000e+00
-1.60000000  0.30000000  2.470000000000e+00
-1.60000000  0.40000000  2.400000000000e+00
-1.60000000  0.50000000  2.310000000000e+00
-1.60000000  0.60000000  2.200000000000e+00
-1.60000000  0.70000000  2.070000000000e+00
-1.60000000  0.80000000  1.920000000000e+00
-1.60000000  0.90000000  1.750000000000e+00
-1.60000000  1.00000000  1.560000000000e+00
-1.60000000  1.10000000  1.350000000000e+00
-1.60000000  1.20000000  1.120000000000e+00
-1.60000000  1.30000000  8.700000000000e-01
-1.60000000  1.40000000  6.000000000000e-01
-1.60000000  1.50000000  3.100000000000e-01
-1.60000000  1.60000000  0.000000000000e+00
-1.60000000  1.70000000 -3.300000000000e-01
-1.60000000  1.80000000 -6.800000000000e-01
-1.60000000  1.90000000 -1.050000000000e+00
-1.60000000  2.00000000 -1.440000000000e+00
-1.50000000 -2.00000000 -1.750000000000e+00
-1.50000000 -1.90000000 -1.360000000000e+00
-1.50000000 -1.80000000 -9.900000000000e-01
-1.50000000 -1.70000000 -6.400000000000e-01
-1.50000000 -1.60000000 -3.100000000000e-01
-1.50000000 -1.50000000  0.000000000000e+00
-1.50000000 -1.40000000  2.900000000000e-01
-1.50000000 -1.30000000  5.600000000000e-01
-1.50000000 -1.20000000  8.100000000000e-01
-1.50000000 -1.10000000  1.040000000000e+00
-1.50000000 -1.00000000  1.250000000000e+00
-1.50000000 -0.90000000  1.440000000000e+00
-1.50000000 -0.80000000  1.610000000000e+00
-1.50000000 -0.70000000  1.760000000000e+00
-1.50000000 -0.60000000  1.890000000000e+00
-1.50000000 -0.50000000  2.000000000000e+00
-1.50000000 -0.40000000  2.090000000000e+00
-1.50000000 -0.30000000  2.160000000000e+00
-1.50000000 -0.20000000  2.210000000000e+00
-1.50000000 -0.10000000  2.240000000000e+00
-1.50000000  0.00000000  2.250000000000e+00
-1.50000000  0.10000000  2.240000000000e+00
-1.50000000  0.20000000  2.210000000000e+00
-1.50000000  0.30000000  2.160000000000e+00
-1.50000000  0.40000000  2.090000000000e+00
-1.50000000  0.50000000  2.000000000000e+00
-1.50000000  0.60000000  1.890000000000e+00
-1.50000000  0.70000000  1.760000000000e+00
-1.50000000  0.80000000  1.610000000000e+00
-1.50000000  0.90000000  1.440000000000e+00
-1.50000000  1.00000000  1.250000000000e+00
-1.50000000  1.10000000  1.040000000000e+00
-1.50000000  1.20000000  8.100000000000e-01
-1.50000000  1.30000000  5.600000000000e-01
-1.50000000  1.40000000  2.900000000000e-01
-1.50000000  1.50000000  0.000000000000e+00
-1.50000000  1.60000000 -3.100000000000e-01
-1.50000000  1.70000000 -6.400000000000e-01
-1.50000000  1.80000000 -9.900000000000e-01
-1.50000000  1.90000000 -1.360000000000e+00
-1.50000000  2.00000000 -1.750000000000e+00
-1.40000000 -2.00000000 -2.040000000000e+00
-1.40000000 -1.90000000 -1.650000000000e+00
-1.40000000 -1.80000000 -1.280000000000e+00
-1.40000000 -1.70000000 -9.300000000000e-01
-1.40000000 -1.60000000 -6.000000000000e-01
-1.40000000 -1.50000000 -2.900000000000e-01
-1.40000000 -1.40000000  0.000000000000e+00
-1.40000000 -1.30000000  2.700000000000e-01
-1.40000000 -1.20000000  5.200000000000e-01
-1.40000000 -1.10000000  7.500000000000e-01
-1.40000000 -1.00000000  9.600000000000e-01
-1.40000000 -0.90000000  1.150000000000e+00
-1.40000000 -0.80000000  1.320000000000e+00
-1.40000000 -0.70000000  1.470000000000e+00
-1.40000000 -0.60000000  1.600000000000e+00
-1.40000000 -0.50000000  1.710000000000e+00
-1.40000000 -0.40000000  1.800000000000e+00
-1.40000000 -0.30000000  1.870000000000e+00
-1.40000000 -0.20000000  1.920000000000e+00
-1.40000000 -0.10000000  1.950000000000e+00
-1.40000000  0.00000000  1.960000000000e+00
-1.40000000  0.10000000  1.950000000000e+00
-1.40000000  0.20000000  1.920000000000e+00
-1.40000000  0.30000000  1.870000000000e+00
-1.40000000  0.40000000  1.800000000000e+00
-1.40000000  0.50000000  1.710000000000e+00
-1.40000000  0.60000000  1.600000000000e+00
-1.40000000  0.70000000  1.470000000000e+00
-1.40000000  0.80000000  1.320000000000e+00
-1.40000000  0.90000000  1.150000000000e+00
-1.40000000  1.00000000  9.600000000000e-01
-1.40000000  1.10000000  7.500000000000e-01
-1.40000000  1.20000000  5.200000000000e-01
-1.40000000  1.30000000  2.700000000000e-01
-1.40000000  1.40000000 -1.332267629550e-15
-1.40000000  1.50000000 -2.900000000000e-01
-1.40000000  1.60000000 -6.000000000000e-01
-1.40000000  1.70000000 -9.300000000000e-01
-1.40000000  1.80000000 -1.280000000000e+00
-1.40000000  1.90000000 -1.650000000000e+00
-1.40000000  2.00000000 -2.040000000000e+00
-1.30000000 -2.00000000 -2.310000000000e+00
-1.30000000 -1.90000000 -1.920000000000e+00
-1.30000000 -1.80000000 -1.550000000000e+00
-1.30000000 -1.70000000 -1.200000000000e+00
-1.30000000 -1.60000000 -8.700000000000e-01
-1.30000000 -1.50000000 -5.600000000000e-01
-1.30000000 -1.40000000 -2.700000000000e-01
-1.30000000 -1.30000000  0.000000000000e+00
-1.30000000 -1.20000000  2.500000000000e-01
-1.30000000 -1.10000000  4.800000000000e-01
-1.30000000 -1.00000000  6.900000000000e-01
-1.30000000 -0.90000000  8.800000000000e-01
-1.30000000 -0.80000000  1.050000000000e+00
-1.30000000 -0.70000000  1.200000000000e+00
-1.30000000 -0.60000000  1.330000000000e+00
-1.30000000 -0.50000000  1.440000000000e+00
-1.30000000 -0.40000000  1.530000000000e+00
-1.30000000 -0.30000000  1.600000000000e+00
-1.30000000 -0.20000000  1.650000000000e+00
-1.30000000 -0.10000000  1.680000000000e+00
-1.30000000  0.00000000  1.690000000000e+00
-1.30000000  0.10000000  1.680000000000e+00
-1.30000000  0.20000000  1.650000000000e+00
-1.30000000  0.30000000  1.600000000000e+00
-1.30000000  0.40000000  1.530000000000e+00
-1.30000000  0.50000000  1.440000000000e+00
-1.30000000  0.60000000  1.330000000000e+00
-1.30000000  0.70000000  1.200000000000e+00
-1.30000000  0.80000000  1.050000000000e+00
-1.30000000  0.90000000  8.800000000000e-01
-1.30000000  1.00000000  6.900000000000e-01
-1.30000000  1.10000000  4.800000000000e-01
-1.30000000  1.20000000  2.500000000000e-01
-1.30000000  1.30000000 -1.110223024625e-15
-1.30000000  1.40000000 -2.700000000000e-01
-1.30000000  1.50000000 -5.600000000000e-01
-1.30000000  1.60000000 -8.700000000000e-01
-1.30000000  1.70000000 -1.200000000000e+00
-1.30000000  1.80000000 -1.550000000000e+00
-1.30000000  1.90000000 -1.920000000000e+00
-1.30000000  2.00000000 -2.310000000000e+00
-1.20000000 -2.00000000 -2.560000000000e+00
-1.20000000 -1.90000000 -2.170000000000e+00
-1.20000000 -1.80000000 -1.800000000000e+00
-1.20000000 -1.70000000 -1.450000000000e+00
-1.20000000 -1.60000000 -1.120000000000e+00
-1.20000000 -1.50000000 -8.100000000000e-01
-1.20000000 -1.40000000 -5.200000000000e-01
-1.20000000 -1.30000000 -2.500000000000e-01
-1.20000000 -1.20000000  0.000000000000e+00
-1.20000000 -1.10000000  2.300000000000e-01
-1.20000000 -1.00000000  4.400000000000e-01
-1.20000000 -0.90000000  6.300000000000e-01
-1.20000000 -0.80000000  8.000000000000e-01
-1.20000000 -0.70000000  9.500000000000e-01
-1.20000000 -0.60000000  1.080000000000e+00
-1.20000000 -0.50000000  1.190000000000e+00
-1.20000000 -0.40000000  1.280000000000e+00
-1.20000000 -0.30000000  1.350000000000e+00
-1.20000000 -0.20000000  1.400000000000e+00
-1.20000000 -0.10000000  1.430000000000e+00
-1.20000000  0.00000000  1.440000000000e+00
-1.20000000  0.10000000  1.430000000000e+00
-1.20000000  0.20000000  1.400000000000e+00
-1.20000000  0.30000000  1.350000000000e+00
-1.20000000  0.40000000  1.280000000000e+00
-1.20000000  0.50000000  1.190000000000e+00
-1.20000000  0.60000000  1.080000000000e+00
-1.20000000  0.70000000  9.500000000000e-01
-1.20000000  0.80000000  8.000000000000e-01
-1.20000000  0.90000000  6.300000000000e-01
-1.20000000  1.00000000  4.400000000000e-01
-1.20000000  1.10000000  2.300000000000e-01
-1.20000000  1.20000000 -4.440892098501e-16
-1.20000000  1.30000000 -2.500000000000e-01
-1.20000000  1.40000000 -5.200000000000e-01
-1.20000000  1.50000000 -8.100000000000e-01
-1.20000000  1.60000000 -1.120000000000e+00
-1.20000000  1.70000000 -1.450000000000e+00
-1.20000000  1.80000000 -1.800000000000e+00
-1.20000000  1.90000000 -2.170000000000e+00
-1.20000000  2.00000000 -2.560000000000e+00
-1.10000000 -2.00000000 -2.790000000000e+00
-1.10000000 -1.90000000 -2.400000000000e+00
-1.10000000 -1.80000000 -2.030000000000e+00
-1.10000000 -1.70000000 -1.680000000000e+00
-1.10000000 -1.60000000 -1.350000000000e+00
-1.10000000 -1.50000000 -1.040000000000e+00
-1.10000000 -1.40000000 -7.500000000000e-01
-1.10000000 -1.30000000 -4.800000000000e-01
-1.10000000 -1.20000000 -2.300000000000e-01
-1.10000000 -1.10000000  0.000000000000e+00
-1.10000000 -1.00000000  2.100000000000e-01
-1.10000000 -0.90000000  4.000000000000e-01
-1.10000000 -0.80000000  5.700000000000e-01
-1.10000000 -0.70000000  7.200000000000e-01
-1.10000000 -0.60000000  8.500000000000e-01
-1.10000000 -0.50000000  9.600000000000e-01
-1.10000000 -0.40000000  1.050000000000e+00
-1.10000000 -0.30000000  1.120000000000e+00
-1.10000000 -0.20000000  1.170000000000e+00
-1.10000000 -0.10000000  1.200000000000e+00
-1.10000000  0.00000000  1.210000000000e+00
-1.10000000  0.10000000  1.200000000000e+00
-1.10000000  0.20000000  1.170000000000e+00
-1.10000000  0.30000000  1.120000000000e+00
-1.10000000  0.40000000  1.050000000000e+00
-1.10000000  0.50000000  9.600000000000e-01
-1.10000000  0.60000000  8.500000000000e-01
-1.10000000  0.70000000  7.200000000000e-01
-1.10000000  0.80000000  5.700000000000e-01
-1.10000000  0.90000000  4.000000000000e-01
-1.10000000  1.00000000  2.100000000000e-01
-1.10000000  1.10000000  0.000000000000e+00
-1.10000000  1.20000000 -2.300000000000e-01
-1.10000000  1.30000000 -4.800000000000e-01
-1.10000000  1.40000000 -7.500000000000e-01
-1.10000000  1.50000000 -1.040000000000e+00
-1.10000000  1.60000000 -1.350000000000e+00
-1.10000000  1.70000000 -1.680000000000e+00
-1.10000000  1.80000000 -2.030000000000e+00
-1.10000000  1.90000000 -2.400000000000e+00
-1.10000000  2.00000000 -2.790000000000e+00
-1.00000000 -2.00000000 -3.000000000000e+00
-1.00000000 -1.90000000 -2.610000000000e+00
-1.00000000 -1.80000000 -2.240000000000e+00
-1.00000000 -1.70000000 -1.890000000000e+00
-1.00000000 -1.60000000 -1.560000000000e+00
-1.00000000 -1.50000000 -1.250000000000e+00
-1.00000000 -1.40000000 -9.600000000000e-01
-1.00000000 -1.30000000 -6.900000000000e-01
-1.00000000 -1.20000000 -4.400000000000e-01
-1.00000000 -1.10000000 -2.100000000000e-01
-1.00000000 -1.00000000  0.000000000000e+00
-1.00000000 -0.90000000  1.900000000000e-01
-1.00000000 -0.80000000  3.600000000000e-01
-1.00000000 -0.70000000  5.100000000000e-01
-1.00000000 -0.60000000  6.400000000000e-01
-1.00000000 -0.50000000  7.500000000000e-01
-1.00000000 -0.40000000  8.400000000000e-01
-1.00000000 -0.30000000  9.100000000000e-01
-1.00000000 -0.20000000  9.600000000000e-01
-1.00000000 -0.10000000  9.900000000000e-01
-1.00000000  0.00000000  1.000000000000e+00
-1.00000000  0.10000000  9.900000000000e-01
-1.00000000  0.20000000  9.600000000000e-01
-1.00000000  0.30000000  9.100000000000e-01
-1.00000000  0.40000000  8.400000000000e-01
-1.00000000  0.50000000  7.500000000000e-01
-1.00000000  0.60000000  6.400000000000e-01
-1.00000000  0.70000000  5.100000000000e-01
-1.00000000  0.80000000  3.600000000000e-01
-1.00000000  0.90000000  1.900000000000e-01
-1.00000000  1.00000000  0.000000000000e+00
-1.00000000  1.10000000 -2.100000000000e-01
-1.00000000  1.20000000 -4.400000000000e-01
-1.00000000  1.30000000 -6.900000000000e-01
-1.00000000  1.40000000 -9.600000000000e-01
-1.00000000  1.50000000 -1.250000000000e+00
-1.00000000  1.60000000 -1.560000000000e+00
-1.00000000  1.70000000 -1.890000000000e+00
-1.00000000  1.80000000 -2.240000000000e+00
-1.00000000  1.90000000 -2.610000000000e+00
-1.00000000  2.00000000 -3.000000000000e+00
-0.90000000 -2.00000000 -3.190000000000e+00
-0.90000000 -1.90000000 -2.800000000000e+00
-0.90000000 -1.80000000 -2.430000000000e+00
-0.90000000 -1.70000000 -2.080000000000e+00
-0.90000000 -1.60000000 -1.750000000000e+00
-0.90000000 -1.50000000 -1.440000000000e+00
-0.90000000 -1.40000000 -1.150000000000e+00
-0.90000000 -1.30000000 -8.800000000000e-01
-0.90000000 -1.20000000 -6.300000000000e-01
-0.90000000 -1.10000000 -4.000000000000e-01
-0.90000000 -1.00000000 -1.900000000000e-01
-0.90000000 -0.90000000  0.000000000000e+00
-0.90000000 -0.80000000  1.700000000000e-01
-0.90000000 -0.70000000  3.200000000000e-01
-0.90000000 -0.60000000  4.500000000000e-01
-0.90000000 -0.50000000  5.600000000000e-01
-0.90000000 -0.40000000  6.500000000000e-01
-0.90000000 -0.30000000  7.200000000000e-01
-0.90000000 -0.20000000  7.700000000000e-01
-0.90000000 -0.10000000  8.000000000000e-01
-0.90000000  0.00000000  8.100000000000e-01
-0.90000000  0.10000000  8.000000000000e-01
-0.90000000  0.20000000  7.700000000000e-01
-0.90000000  0.30000000  7.200000000000e-01
-0.90000000  0.40000000  6.500000000000e-01
-0.90000000  0.50000000  5.600000000000e-01
-0.90000000  0.60000000  4.500000000000e-01
-0.90000000  0.70000000  3.200000000000e-01
-0.90000000  0.80000000  1.700000000000e-01
-0.90000000  0.90000000 -7.771561172376e-16
-0.90000000  1.00000000 -1.900000000000e-01
-0.90000000  1.10000000 -4.000000000000e-01
-0.90000000  1.20000000 -6.300000000000e-01
-0.90000000  1.30000000 -8.800000000000e-01
-0.90000000  1.40000000 -1.150000000000e+00
-0.90000000  1.50000000 -1.440000000000e+00
-0.90000000  1.60000000 -1.750000000000e+00
-0.90000000  1.70000000 -2.080000000000e+00
-0.90000000  1.80000000 -2.430000000000e+00
-0.90000000  1.90000000 -2.800000000000e+00
-0.90000000  2.00000000 -3.190000000000e+00
-0.80000000 -2.00000000 -3.360000000000e+00
-0.80000000 -1.90000000 -2.970000000000e+00
-0.80000000 -1.80000000 -2.600000000000e+00
-0.80000000 -1.70000000 -2.250000000000e+00
-0.80000000 -1.60000000 -1.920000000000e+00
-0.80000000 -1.50000000 -1.610000000000e+00
-0.80000000 -1.40000000 -1.320000000000e+00
-0.80000000 -1.30000000 -1.050000000000e+00
-0.80000000 -1.20000000 -8.000000000000e-01
-0.80000000 -1.10000000 -5.700000000000e-01
-0.80000000 -1.00000000 -3.600000000000e-01
-0.80000000 -0.90000000 -1.700000000000e-01
-0.80000000 -0.80000000  0.000000000000e+00
-0.80000000 -0.70000000  1.500000000000e-01
-0.80000000 -0.60000000  2.800000000000e-01
-0.80000000 -0.50000000  3.900000000000e-01
-0.80000000 -0.40000000  4.800000000000e-01
-0.80000000 -0.30000000  5.500000000000e-01
-0.80000000 -0.20000000  6.000000000000e-01
-0.80000000 -0.10000000  6.300000000000e-01
-0.80000000  0.00000000  6.400000000000e-01
-0.80000000  0.10000000  6.300000000000e-01
-0.80000000  0.20000000  6.000000000000e-01
-0.80000000  0.30000000  5.500000000000e-01
-0.80000000  0.40000000  4.800000000000e-01
-0.80000000  0.50000000  3.900000000000e-01
-0.80000000  0.60000000  2.800000000000e-01
-0.80000000  0.70000000  1.500000000000e-01
-0.80000000  0.80000000 -7.771561172376e-16
-0.80000000  0.90000000 -1.700000000000e-01
-0.80000000  1.00000000 -3.600000000000e-01
-0.80000000  1.10000000 -5.700000000000e-01
-0.80000000  1.20000000 -8.000000000000e-01
-0.80000000  1.30000000 -1.050000000000e+00
-0.80000000  1.40000000 -1.320000000000e+00
-0.80000000  1.50000000 -1.610000000000e+00
-0.80000000  1.60000000 -1.920000000000e+00
-0.80000000  1.70000000 -2.250000000000e+00
-0.80000000  1.80000000 -2.600000000000e+00
-0.80000000  1.90000000 -2.970000000000e+00
-0.80000000  2.00000000 -3.360000000000e+00
-0.70000000 -2.00000000 -3.510000000000e+00
-0.70000000 -1.90000000 -3.120000000000e+00
-0.70000000 -1.80000000 -2.750000000000e+00
-0.70000000 -1.70000000 -2.400000000000e+00
-0.70000000 -1.60000000 -2.070000000000e+00
-0.70000000 -1.50000000 -1.760000000000e+00
-0.70000000 -1.40000000 -1.470000000000e+00
-0.70000000 -1.30000000 -1.200000000000e+00
-0.70000000 -1.20000000 -9.500000000000e-01
-0.70000000 -1.10000000 -7.200000000000e-01
-0.70000000 -1.00000000 -5.100000000000e-01
-0.70000000 -0.90000000 -3.200000000000e-01
-0.70000000 -0.80000000 -1.500000000000e-01
-0.70000000 -0.70000000  0.000000000000e+00
-0.70000000 -0.60000000  1.300000000000e-01
-0.70000000 -0.50000000  2.400000000000e-01
-0.70000000 -0.40000000  3.300000000000e-01
-0.70000000 -0.30000000  4.000000000000e-01
-0.70000000 -0.20000000  4.500000000000e-01
-0.70000000 -0.10000000  4.800000000000e-01
-0.70000000  0.00000000  4.900000000000e-01
-0.70000000  0.10000000  4.800000000000e-01
-0.70000000  0.20000000  4.500000000000e-01
-0.70000000  0.30000000  4.000000000000e-01
-0.70000000  0.40000000  3.300000000000e-01
-0.70000000  0.50000000  2.400000000000e-01
-0.70000000  0.60000000  1.300000000000e-01
-0.70000000  0.70000000 -3.330669073875e-16
-0.70000000  0.80000000 -1.500000000000e-01
-0.70000000  0.90000000 -3.200000000000e-01
-0.70000000  1.00000000 -5.100000000000e-01
-0.70000000  1.10000000 -7.200000000000e-01
-0.70000000  1.20000000 -9.500000000000e-01
-0.70000000  1.30000000 -1.200000000000e+00
-0.70000000  1.40000000 -1.470000000000e+00
-0.70000000  1.50000000 -1.760000000000e+00
-0.70000000  1.60000000 -2.070000000000e+00
-0.70000000  1.70000000 -2.400000000000e+00
-0.70000000  1.80000000 -2.750000000000e+00
-0.70000000  1.90000000 -3.120000000000e+00
-0.70000000  2.00000000 -3.510000000000e+00
-0.60000000 -2.00000000 -3.640000000000e+00
-0.60000000 -1.90000000 -3.250000000000e+00
-0.60000000 -1.80000000 -2.880000000000e+00
-0.60000000 -1.70000000 -2.530000000000e+00
-0.60000000 -1.60000000 -2.200000000000e+00
-0.60000000 -1.50000000 -1.890000000000e+00
-0.60000000 -1.40000000 -1.600000000000e+00
-0.60000000 -1.30000000 -1.330000000000e+00
-0.60000000 -1.20000000 -1.080000000000e+00
-0.60000000 -1.10000000 -8.500000000000e-01
-0.60000000 -1.00000000 -6.400000000000e-01
-0.60000000 -0.90000000 -4.500000000000e-01
-0.60000000 -0.80000000 -2.800000000000e-01
-0.60000000 -0.70000000 -1.300000000000e-01
-0.60000000 -0.60000000  0.000000000000e+00
-0.60000000 -0.50000000  1.100000000000e-01
-0.60000000 -0.40000000  2.000000000000e-01
-0.60000000 -0.30000000  2.700000000000e-01
-0.60000000 -0.20000000  3.200000000000e-01
-0.60000000 -0.10000000  3.500000000000e-01
-0.60000000  0.00000000  3.600000000000e-01
-0.60000000  0.10000000  3.500000000000e-01
-0.60000000  0.20000000  3.200000000000e-01
-0.60000000  0.30000000  2.700000000000e-01
-0.60000000  0.40000000  2.000000000000e-01
-0.60000000  0.50000000  1.100000000000e-01
-0.60000000  0.60000000 -2.775557561563e-16
-0.60000000  0.70000000 -1.300000000000e-01
-0.60000000  0.80000000 -2.800000000000e-01
-0.60000000  0.90000000 -4.500000000000e-01
-0.60000000  1.00000000 -6.400000000000e-01
-0.60000000  1.10000000 -8.500000000000e-01
-0.60000000  1.20000000 -1.080000000000e+00
-0.60000000  1.30000000 -1.330000000000e+00
-0.60000000  1.40000000 -1.600000000000e+00
-0.60000000  1.50000000 -1.890000000000e+00
-0.60000000  1.60000000 -2.200000000000e+00
-0.60000000  1.70000000 -2.530000000000e+00
-0.60000000  1.80000000 -2.880000000000e+00
-0.60000000  1.90000000 -3.250000000000e+00
-0.60000000  2.00000000 -3.640000000000e+00
-0.50000000 -2.00000000 -3.750000000000e+00
-0.50000000 -1.90000000 -3.360000000000e+00
-0.50000000 -1.80000000 -2.990000000000e+00
-0.50000000 -1.70000000 -2.640000000000e+00
-0.50000000 -1.60000000 -2.310000000000e+00
-0.50000000 -1.50000000 -2.000000000000e+00
-0.50000000 -1.40000000 -1.710000000000e+00
-0.50000000 -1.30000000 -1.440000000000e+00
-0.50000000 -1.20000000 -1.190000000000e+00
-0.50000000 -1.10000000 -9.600000000000e-01
-0.50000000 -1.00000000 -7.500000000000e-01
-0.50000000 -0.90000000 -5.600000000000e-01
-0.50000000 -0.80000000 -3.900000000000e-01
-0.50000000 -0.70000000 -2.400000000000e-01
-0.50000000 -0.60000000 -1.100000000000e-01
-0.50000000 -0.50000000  0.000000000000e+00
-0.50000000 -0.40000000  9.000000000000e-02
-0.50000000 -0.30000000  1.600000000000e-01
-0.50000000 -0.20000000  2.100000000000e-01
-0.50000000 -0.10000000  2.400000000000e-01
-0.50000000  0.00000000  2.500000000000e-01
-0.50000000  0.10000000  2.400000000000e-01
-0.50000000  0.20000000  2.100000000000e-01
-0.50000000  0.30000000  1.600000000000e-01
-0.50000000  0.40000000  9.000000000000e-02
-0.50000000  0.50000000  0.000000000000e+00
-0.50000000  0.60000000 -1.100000000000e-01
-0.50000000  0.70000000 -2.400000000000e-01
-0.50000000  0.80000000 -3.900000000000e-01
-0.50000000  0.90000000 -5.600000000000e-01
-0.50000000  1.00000000 -7.500000000000e-01
-0.50000000  1.10000000 -9.600000000000e-01
-0.50000000  1.20000000 -1.190000000000e+00
-0.50000000  1.30000000 -1.440000000000e+00
-0.50000000  1.40000000 -1.710000000000e+00
-0.50000000  1.50000000 -2.000000000000e+00
-0.50000000  1.60000000 -2.310000000000e+00
-0.50000000  1.70000000 -2.640000000000e+00
-0.50000000  1.80000000 -2.990000000000e+00
-0.50000000  1.90000000 -3.360000000000e+00
-0.50000000  2.00000000 -3.750000000000e+00
-0.40000000 -2.00000000 -3.840000000000e+00
-0.40000000 -1.90000000 -3.450000000000e+00
-0.40000000 -1.80000000 -3.080000000000e+00
-0.40000000 -1.70000000 -2.730000000000e+00
-0.40000000 -1.60000000 -2.400000000000e+00
-0.40000000 -1.50000000 -2.090000000000e+00
-0.40000000 -1.40000000 -1.800000000000e+00
-0.40000000 -1.30000000 -1.530000000000e+00
-0.40000000 -1.20000000 -1.280000000000e+00
-0.40000000 -1.10000000 -1.050000000000e+00
-0.40000000 -1.00000000 -8.400000000000e-01
-0.40000000 -0.90000000 -6.500000000000e-01
-0.40000000 -0.80000000 -4.800000000000e-01
-0.40000000 -0.70000000 -3.300000000000e-01
-0.40000000 -0.60000000 -2.000000000000e-01
-0.40000000 -0.50000000 -9.000000000000e-02
-0.40000000 -0.40000000  0.000000000000e+00
-0.40000000 -0.30000000  7.000000000000e-02
-0.40000000 -0.20000000  1.200000000000e-01
-0.40000000 -0.10000000  1.500000000000e-01
-0.40000000  0.00000000  1.600000000000e-01
-0.40000000  0.10000000  1.500000000000e-01
-0.40000000  0.20000000  1.200000000000e-01
-0.40000000  0.30000000  7.000000000000e-02
-0.40000000  0.40000000 -3.608224830032e-16
-0.40000000  0.50000000 -9.000000000000e-02
-0.40000000  0.60000000 -2.000000000000e-01
-0.40000000  0.70000000 -3.300000000000e-01
-0.40000000  0.80000000 -4.800000000000e-01
-0.40000000  0.90000000 -6.500000000000e-01
-0.40000000  1.00000000 -8.400000000000e-01
-0.40000000  1.10000000 -1.050000000000e+00
-0.40000000  1.20000000 -1.280000000000e+00
-0.40000000  1.30000000 -1.530000000000e+00
-0.40000000  1.40000000 -1.800000000000e+00
-0.40000000  1.50000000 -2.090000000000e+00
-0.40000000  1.60000000 -2.400000000000e+00
-0.40000000  1.70000000 -2.730000000000e+00
-0.40000000  1.80000000 -3.080000000000e+00
-0.40000000  1.90000000 -3.450000000000e+00
-0.40000000  2.00000000 -3.840000000000e+00
-0.30000000 -2.00000000 -3.910000000000e+00
-0.30000000 -1.90000000 -3.520000000000e+00
-0.30000000 -1.80000000 -3.150000000000e+00
-0.30000000 -1.70000000 -2.800000000000e+00
-0.30000000 -1.60000000 -2.470000000000e+00
-0.30000000 -1.50000000 -2.160000000000e+00
-0.30000000 -1.40000000 -1.870000000000e+00
-0.30000000 -1.30000000 -1.600000000000e+00
-0.30000000 -1.20000000 -1.350000000000e+00
-0.30000000 -1.10000000 -1.120000000000e+00
-0.30000000 -1.00000000 -9.100000000000e-01
-0.30000000 -0.90000000 -7.200000000000e-01
-0.30000000 -0.80000000 -5.500000000000e-01
-0.30000000 -0.70000000 -4.000000000000e-01
-0.30000000 -0.60000000 -2.700000000000e-01
-0.30000000 -0.50000000 -1.600000000000e-01
-0.30000000 -0.40000000 -7.000000000000e-02
-0.30000000 -0.30000000  0.000000000000e+00
-0.30000000 -0.20000000  5.000000000000e-02
-0.30000000 -0.10000000  8.000000000000e-02
-0.30000000  0.00000000  9.000000000000e-02
-0.30000000  0.10000000  8.000000000000e-02
-0.30000000  0.20000000  5.000000000000e-02
-0.30000000  0.30000000 -2.636779683485e-16
-0.30000000  0.40000000 -7.000000000000e-02
-0.30000000  0.50000000 -1.600000000000e-01
-0.30000000  0.60000000 -2.700000000000e-01
-0.30000000  0.70000000 -4.000000000000e-01
-0.30000000  0.80000000 -5.500000000000e-01
-0.30000000  0.90000000 -7.200000000000e-01
-0.30000000  1.00000000 -9.100000000000e-01
-0.30000000  1.10000000 -1.120000000000e+00
-0.30000000  1.20000000 -1.350000000000e+00
-0.30000000  1.30000000 -1.600000000000e+00
-0.30000000  1.40000000 -1.870000000000e+00
-0.30000000  1.50000000 -2.160000000000e+00
-0.30000000  1.60000000 -2.470000000000e+00
-0.30000000  1.70000000 -2.800000000000e+00
-0.30000000  1.80000000 -3.150000000000e+00
-0.30000000  1.90000000 -3.520000000000e+00
-0.30000000  2.00000000 -3.910000000000e+00
-0.20000000 -2.00000000 -3.960000000000e+00
-0.20000000 -1.90000000 -3.570000000000e+00
-0.20000000 -1.80000000 -3.200000000000e+00
-0.20000000 -1.70000000 -2.850000000000e+00
-0.20000000 -1.60000000 -2.520000000000e+00
-0.20000000 -1.50000000 -2.210000000000e+00
-0.20000000 -1.40000000 -1.920000000000e+00
-0.20000000 -1.30000000 -1.650000000000e+00
-0.20000000 -1.20000000 -1.400000000000e+00
-0.20000000 -1.10000000 -1.170000000000e+00
-0.20000000 -1.00000000 -9.600000000000e-01
-0.20000000 -0.90000000 -7.700000000000e-01
-0.20000000 -0.80000000 -6.000000000000e-01
-0.20000000 -0.70000000 -4.500000000000e-01
-0.20000000 -0.60000000 -3.200000000000e-01
-0.20000000 -0.50000000 -2.100000000000e-01
-0.20000000 -0.40000000 -1.200000000000e-01
-0.20000000 -0.30000000 -5.000000000000e-02
-0.20000000 -0.20000000  0.000000000000e+00
-0.20000000 -0.10000000  3.000000000000e-02
-0.20000000  0.00000000  4.000000000000e-02
-0.20000000  0.10000000  3.000000000000e-02
-0.20000000  0.20000000 -9.020562075079e-17
-0.20000000  0.30000000 -5.000000000000e-02
-0.20000000  0.40000000 -1.200000000000e-01
-0.20000000  0.50000000 -2.100000000000e-01
-0.20000000  0.60000000 -3.200000000000e-01
-0.20000000  0.70000000 -4.500000000000e-01
-0.20000000  0.80000000 -6.000000000000e-01
-0.20000000  0.90000000 -7.700000000000e-01
-0.20000000  1.00000000 -9.600000000000e-01
-0.20000000  1.10000000 -1.170000000000e+00
-0.20000000  1.20000000 -1.400000000000e+00
-0.20000000  1.30000000 -1.650000000000e+00
-0.20000000  1.40000000 -1.920000000000e+00
-0.20000000  1.50000000 -2.210000000000e+00
-0.20000000  1.60000000 -2.520000000000e+00
-0.20000000  1.70000000 -2.850000000000e+00
-0.20000000  1.80000000 -3.200000000000e+00
-0.20000000  1.90000000 -3.570000000000e+00
-0.20000000  2.00000000 -3.960000000000e+00
-0.10000000 -2.00000000 -3.990000000000e+00
-0.10000000 -1.90000000 -3.600000000000e+00
-0.10000000 -1.80000000 -3.230000000000e+00
-0.10000000 -1.70000000 -2.880000000000e+00
-0.10000000 -1.60000000 -2.550000000000e+00
-0.10000000 -1.50000000 -2.240000000000e+00
-0.10000000 -1.40000000 -1.950000000000e+00
-0.10000000 -1.30000000 -1.680000000000e+00
-0.10000000 -1.20000000 -1.430000000000e+00
-0.10000000 -1.10000000 -1.200000000000e+00
-0.10000000 -1.00000000 -9.900000000000e-01
-0.10000000 -0.90000000 -8.000000000000e-01
-0.10000000 -0.80000000 -6.300000000000e-01
-0.10000000 -0.70000000 -4.800000000000e-01
-0.10000000 -0.60000000 -3.500000000000e-01
-0.10000000 -0.50000000 -2.400000000000e-01
-0.10000000 -0.40000000 -1.500000000000e-01
-0.10000000 -0.30000000 -8.000000000000e-02
-0.10000000 -0.20000000 -3.000000000000e-02
-0.10000000 -0.10000000  0.000000000000e+00
-0.10000000  0.00000000  1.000000000000e-02
-0.10000000  0.10000000 -4.336808689942e-17
-0.10000000  0.20000000 -3.000000000000e-02
-0.10000000  0.30000000 -8.000000000000e-02
-0.10000000  0.40000000 -1.500000000000e-01
-0.10000000  0.50000000 -2.400000000000e-01
-0.10000000  0.60000000 -3.500000000000e-01
-0.10000000  0.70000000 -4.800000000000e-01
-0.10000000  0.80000000 -6.300000000000e-01
-0.10000000  0.90000000 -8.000000000000e-01
-0.10000000  1.00000000 -9.900000000000e-01
-0.10000000  1.10000000 -1.200000000000e+00
-0.10000000  1.20000000 -1.430000000000e+00
-0.10000000  1.30000000 -1.680000000000e+00
-0.10000000  1.40000000 -1.950000000000e+00
-0.10000000  1.50000000 -2.240000000000e+00
-0.10000000  1.60000000 -2.550000000000e+00
-0.10000000  1.70000000 -2.880000000000e+00
-0.10000000  1.80000000 -3.230000000000e+00
-0.10000000  1.90000000 -3.600000000000e+00
-0.10000000  2.00000000 -3.990000000000e+00
 0.00000000 -2.00000000 -4.000000000000e+00
 0.00000000 -1.90000000 -3.610000000000e+00
 0.00000000 -1.80000000 -3.240000000000e+00
 0.00000000 -1.70000000 -2.890000000000e+00
 0.00000000 -1.60000000 -2.560000000000e+00
 0.00000000 -1.50000000 -2.250000000000e+00
 0.00000000 -1.40000000 -1.960000000000e+00
 0.00000000 -1.30000000 -1.690000000000e+00
 0.00000000 -1.20000000 -1.440000000000e+00
 0.00000000 -1.10000000 -1.210000000000e+00
 0.00000000 -1.00000000 -1.000000000000e+00
 0.00000000 -0.90000000 -8.100000000000e-01
 0.00000000 -0.80000000 -6.400000000000e-01
 0.00000000 -0.70000000 -4.900000000000e-01
 0.00000000 -0.60000000 -3.600000000000e-01
 0.00000000 -0.50000000 -2.500000000000e-01
 0.00000000 -0.40000000 -1.600000000000e-01
 0.00000000 -0.30000000 -9.000000000000e-02
 0.00000000 -0.20000000 -4.000000000000e-02
 0.00000000 -0.10000000 -1.000000000000e-02
 0.00000000  0.00000000  0.000000000000e+00
 0.00000000  0.10000000 -1.000000000000e-02
 0.00000000  0.20000000 -4.000000000000e-02
 0.00000000  0.30000000 -9.000000000000e-02
 0.00000000  0.40000000 -1.600000000000e-01
 0.00000000  0.50000000 -2.500000000000e-01
 0.00000000  0.60000000 -3.600000000000e-01
 0.00000000  0.70000000 -4.900000000000e-01
 0.00000000  0.80000000 -6.400000000000e-01
 0.00000000  0.90000000 -8.100000000000e-01
 0.00000000  1.00000000 -1.000000000000e+00
 0.00000000  1.10000000 -1.210000000000e+00
 0.00000000  1.20000000 -1.440000000000e+00
 0.00000000  1.30000000 -1.690000000000e+00
 0.00000000  1.40000000 -1.960000000000e+00
 0.00000000  1.50000000 -2.250000000000e+00
 0.00000000  1.60000000 -2.560000000000e+00
 0.00000000  1.70000000 -2.890000000000e+00
 0.00000000  1.80000000 -3.240000000000e+00
 0.00000000  1.90000000 -3.610000000000e+00
 0.00000000  2.00000000 -4.000000000000e+00
 0.10000000 -2.00000000 -3.990000000000e+00
 0.10000000 -1.90000000 -3.600000000000e+00
 0.10000000 -1.80000000 -3.230000000000e+00
 0.10000000 -1.70000000 -2.880000000000e+00
 0.10000000 -1.60000000 -2.550000000000e+00
 0.10000000 -1.50000000 -2.240000000000e+00
 0.10000000 -1.40000000 -1.950000000000e+00
 0.10000000 -1.30000000 -1.680000000000e+00
 0.10000000 -1.20000000 -1.430000000000e+00
 0.10000000 -1.10000000 -1.200000000000e+00
 0.10000000 -1.00000000 -9.900000000000e-01
 0.10000000 -0.90000000 -8.000000000000e-01
 0.10000000 -0.80000000 -6.300000000000e-01
 0.10000000 -0.70000000 -4.800000000000e-01
 0.10000000 -0.60000000 -3.500000000000e-01
 0.10000000 -0.50000000 -2.400000000000e-01
 0.10000000 -0.40000000 -1.500000000000e-01
 0.10000000 -0.30000000 -8.000000000000e-02
 0.10000000 -0.20000000 -3.000000000000e-02
 0.10000000 -0.10000000  4.336808689942e-17
 0.10000000  0.00000000  1.000000000000e-02
 0.10000000  0.10000000  0.000000000000e+00
 0.10000000  0.20000000 -3.000000000000e-02
 0.10000000  0.30000000 -8.000000000000e-02
 0.10000000  0.40000000 -1.500000000000e-01
 0.10000000  0.50000000 -2.400000000000e-01
 0.10000000  0.60000000 -3.500000000000e-01
 0.10000000  0.70000000 -4.800000000000e-01
 0.10000000  0.80000000 -6.300000000000e-01
 0.10000000  0.90000000 -8.000000000000e-01
 0.10000000  1.00000000 -9.900000000000e-01
 0.10000000  1.10000000 -1.200000000000e+00
 0.10000000  1.20000000 -1.430000000000e+00
 0.10000000  1.30000000 -1.680000000000e+00
 0.10000000  1.40000000 -1.950000000000e+00
 0.10000000  1.50000000 -2.240000000000e+00
 0.10000000  1.60000000 -2.550000000000e+00
 0.10000000  1.70000000 -2.880000000000e+00
 0.10000000  1.80000000 -3.230000000000e+00
 0.10000000  1.90000000 -3.600000000000e+00
 0.10000000  2.00000000 -3.990000000000e+00
 0.20000000 -2.00000000 -3.960000000000e+00
 0.20000000 -1.90000000 -3.570000000000e+00
 0.20000000 -1.80000000 -3.200000000000e+00
 0.20000000 -1.70000000 -2.850000000000e+00
 0.20000000 -1.60000000 -2.520000000000e+00
 0.20000000 -1.50000000 -2.210000000000e+00
 0.20000000 -1.40000000 -1.920000000000e+00
 0.20000000 -1.30000000 -1.650000000000e+00
 0.20000000 -1.20000000 -1.400000000000e+00
 0.20000000 -1.10000000 -1.170000000000e+00
 0.20000000 -1.00000000 -9.600000000000e-01
 0.20000000 -0.90000000 -7.700000000000e-01
 0.20000000 -0.80000000 -6.000000000000e-01
 0.20000000 -0.70000000 -4.500000000000e-01
 0.20000000 -0.60000000 -3.200000000000e-01
 0.20000000 -0.50000000 -2.100000000000e-01
 0.20000000 -0.40000000 -1.200000000000e-01
 0.20000000 -0.30000000 -5.000000000000e-02
 0.20000000 -0.20000000  9.020562075079e-17
 0.20000000 -0.10000000  3.000000000000e-02
 0.20000000  0.00000000  4.000000000000e-02
 0.20000000  0.10000000  3.000000000000e-02
 0.20000000  0.20000000  0.000000000000e+00
 0.20000000  0.30000000 -5.000000000000e-02
 0.20000000  0.40000000 -1.200000000000e-01
 0.20000000  0.50000000 -2.100000000000e-01
 0.20000000  0.60000000 -3.200000000000e-01
 0.20000000  0.70000000 -4.500000000000e-01
 0.20000000  0.80000000 -6.000000000000e-01
 0.20000000  0.90000000 -7.700000000000e-01
 0.20000000  1.00000000 -9.600000000000e-01
 0.20000000  1.10000000 -1.170000000000e+00
 0.20000000  1.20000000 -1.400000000000e+00
 0.20000000  1.30000000 -1.650000000000e+00
 0.20000000  1.40000000 -1.920000000000e+00
 0.20000000  1.50000000 -2.210000000000e+00
 0.20000000  1.60000000 -2.520000000000e+00
 0.20000000  1.70000000 -2.850000000000e+00
 0.20000000  1.80000000 -3.200000000000e+00
 0.20000000  1.90000000 -3.570000000000e+00
 0.20000000  2.00000000 -3.960000000000e+00
 0.30000000 -2.00000000 -3.910000000000e+00
 0.30000000 -1.90000000 -3.520000000000e+00
 0.30000000 -1.80000000 -3.150000000000e+00
 0.30000000 -1.70000000 -2.800000000000e+00
 0.30000000 -1.60000000 -2.470000000000e+00
 0.30000000 -1.50000000 -2.160000000000e+00
 0.30000000 -1.40000000 -1.870000000000e+00
 0.30000000 -1.30000000 -1.600000000000e+00
 0.30000000 -1.20000000 -1.350000000000e+00
 0.30000000 -1.10000000 -1.120000000000e+00
 0.30000000 -1.00000000 -9.100000000000e-01
 0.30000000 -0.90000000 -7.200000000000e-01
 0.30000000 -0.80000000 -5.500000000000e-01
 0.30000000 -0.70000000 -4.000000000000e-01
 0.30000000 -0.60000000 -2.700000000000e-01
 0.30000000 -0.50000000 -1.600000000000e-01
 0.30000000 -0.40000000 -7.000000000000e-02
 0.30000000 -0.30000000  2.636779683485e-16
 0.30000000 -0.20000000  5.000000000000e-02
 0.30000000 -0.10000000  8.000000000000e-02
 0.30000000  0.00000000  9.000000000000e-02
 0.30000000  0.10000000  8.000000000000e-02
 0.30000000  0.20000000  5.000000000000e-02
 0.30000000  0.30000000  0.000000000000e+00
 0.30000000  0.40000000 -7.000000000000e-02
 0.30000000  0.50000000 -1.600000000000e-01
 0.30000000  0.60000000 -2.700000000000e-01
 0.30000000  0.70000000 -4.000000000000e-01
 0.30000000  0.80000000 -5.500000000000e-01
 0.30000000  0.90000000 -7.200000000000e-01
 0.30000000  1.00000000 -9.100000000000e-01
 0.30000000  1.10000000 -1.120000000000e+00
 0.30000000  1.20000000 -1.350000000000e+00
 0.30000000  1.30000000 -1.600000000000e+00
 0.30000000  1.40000000 -1.870000000000e+00
 0.30000000  1.50000000 -2.160000000000e+00
 0.30000000  1.60000000 -2.470000000000e+00
 0.30000000  1.70000000 -2.800000000000e+00
 0.30000000  1.80000000 -3.150000000000e+00
 0.30000000  1.90000000 -3.520000000000e+00
 0.30000000  2.00000000 -3.910000000000e+00
 0.40000000 -2.00000000 -3.840000000000e+00
 0.40000000 -1.90000000 -3.450000000000e+00
 0.40000000 -1.80000000 -3.080000000000e+00
 0.40000000 -1.70000000 -2.730000000000e+00
 0.40000000 -1.60000000 -2.400000000000e+00
 0.40000000 -1.50000000 -2.090000000000e+00
 0.40000000 -1.40000000 -1.800000000000e+00
 0.40000000 -1.30000000 -1.530000000000e+00
 0.40000000 -1.20000000 -1.280000000000e+00
 0.40000000 -1.10000000 -1.050000000000e+00
 0.40000000 -1.00000000 -8.400000000000e-01
 0.40000000 -0.90000000 -6.500000000000e-01
 0.40000000 -0.80000000 -4.800000000000e-01
 0.40000000 -0.70000000 -3.300000000000e-01
 0.40000000 -0.60000000 -2.000000000000e-01
 0.40000000 -0.50000000 -9.000000000000e-02
 0.40000000 -0.40000000  3.608224830032e-16
 0.40000000 -0.30000000  7.000000000000e-02
 0.40000000 -0.20000000  1.200000000000e-01
 0.40000000 -0.10000000  1.500000000000e-01
 0.40000000  0.00000000  1.600000000000e-01
 0.40000000  0.10000000  1.500000000000e-01
 0.40000000  0.20000000  1.200000000000e-01
 0.40000000  0.30000000  7.000000000000e-02
 0.40000000  0.40000000  0.000000000000e+00
 0.40000000  0.50000000 -9.000000000000e-02
 0.40000000  0.60000000 -2.000000000000e-01
 0.40000000  0.70000000 -3.300000000000e-01
 0.40000000  0.80000000 -4.800000000000e-01
 0.40000000  0.90000000 -6.500000000000e-01
 0.40000000  1.00000000 -8.400000000000e-01
 0.40000000  1.10000000 -1.050000000000e+00
 0.40000000  1.20000000 -1.280000000000e+00
 0.40000000  1.30000000 -1.530000000000e+00
 0.40000000  1.40000000 -1.800000000000e+00
 0.40000000  1.50000000 -2.090000000000e+00
 0.40000000  1.60000000 -2.400000000000e+00
 0.40000000  1.70000000 -2.730000000000e+00
 0.40000000  1.80000000 -3.080000000000e+00
 0.40000000  1.90000000 -3.450000000000e+00
 0.40000000  2.00000000 -3.840000000000e+00
 0.50000000 -2.00000000 -3.750000000000e+00
 0.50000000 -1.90000000 -3.360000000000e+00
 0.50000000 -1.80000000 -2.990000000000e+00
 0.50000000 -1.70000000 -2.640000000000e+00
 0.50000000 -1.60000000 -2.310000000000e+00
 0.50000000 -1.50000000 -2.000000000000e+00
 0.50000000 -1.40000000 -1.710000000000e+00
 0.50000000 -1.30000000 -1.440000000000e+00
 0.50000000 -1.20000000 -1.190000000000e+00
 0.50000000 -1.10000000 -9.600000000000e-01
 0.50000000 -1.00000000 -7.500000000000e-01
 0.50000000 -0.90000000 -5.600000000000e-01
 0.50000000 -0.80000000 -3.900000000000e-01
 0.50000000 -0.70000000 -2.400000000000e-01
 0.50000000 -0.60000000 -1.100000000000e-01
 0.50000000 -0.50000000  0.000000000000e+00
 0.50000000 -0.40000000  9.000000000000e-02
 0.50000000 -0.30000000  1.600000000000e-01
 0.50000000 -0.20000000  2.100000000000e-01
 0.50000000 -0.10000000  2.400000000000e-01
 0.50000000  0.00000000  2.500000000000e-01
 0.50000000  0.10000000  2.400000000000e-01
 0.50000000  0.20000000  2.100000000000e-01
 0.50000000  0.30000000  1.600000000000e-01
 0.50000000  0.40000000  9.000000000000e-02
 0.50000000  0.50000000  0.000000000000e+00
 0.50000000  0.60000000 -1.100000000000e-01
 0.50000000  0.70000000 -2.400000000000e-01
 0.50000000  0.80000000 -3.900000000000e-01
 0.50000000  0.90000000 -5.600000000000e-01
 0.50000000  1.00000000 -7.500000000000e-01
 0.50000000  1.10000000 -9.600000000000e-01
 0.50000000  1.20000000 -1.190000000000e+00
 0.50000000  1.30000000 -1.440000000000e+00
 0.50000000  1.40000000 -1.710000000000e+00
 0.50000000  1.50000000 -2.000000000000e+00
 0.50000000  1.60000000 -2.310000000000e+00
 0.50000000  1.70000000 -2.640000000000e+00
 0.50000000  1.80000000 -2.990000000000e+00
 0.50000000  1.90000000 -3.360000000000e+00
 0.50000000  2.00000000 -3.750000000000e+00
 0.60000000 -2.00000000 -3.640000000000e+00
 0.60000000 -1.90000000 -3.250000000000e+00
 0.60000000 -1.80000000 -2.880000000000e+00
 0.60000000 -1.70000000 -2.530000000000e+00
 0.60000000 -1.60000000 -2.200000000000e+00
 0.60000000 -1.50000000 -1.890000000000e+00
 0.60000000 -1.40000000 -1.600000000000e+00
 0.60000000 -1.30000000 -1.330000000000e+00
 0.60000000 -1.20000000 -1.080000000000e+00
 0.60000000 -1.10000000 -8.500000000000e-01
 0.60000000 -1.00000000 -6.400000000000e-01
 0.60000000 -0.90000000 -4.500000000000e-01
 0.60000000 -0.80000000 -2.800000000000e-01
 0.60000000 -0.70000000 -1.300000000000e-01
 0.60000000 -0.60000000  2.775557561563e-16
 0.60000000 -0.50000000  1.100000000000e-01
 0.60000000 -0.40000000  2.000000000000e-01
 0.60000000 -0.30000000  2.700000000000e-01
 0.60000000 -0.20000000  3.200000000000e-01
 0.60000000 -0.10000000  3.500000000000e-01
 0.60000000  0.00000000  3.600000000000e-01
 0.60000000  0.10000000  3.500000000000e-01
 0.60000000  0.20000000  3.200000000000e-01
 0.60000000  0.30000000  2.700000000000e-01
 0.60000000  0.40000000  2.000000000000e-01
 0.60000000  0.50000000  1.100000000000e-01
 0.60000000  0.60000000  0.000000000000e+00
 0.60000000  0.70000000 -1.300000000000e-01
 0.60000000  0.80000000 -2.800000000000e-01
 0.60000000  0.90000000 -4.500000000000e-01
 0.60000000  1.00000000 -6.400000000000e-01
 0.60000000  1.10000000 -8.500000000000e-01
 0.60000000  1.20000000 -1.080000000000e+00
 0.60000000  1.30000000 -1.330000000000e+00
 0.60000000  1.40000000 -1.600000000000e+00
 0.60000000  1.50000000 -1.890000000000e+00
 0.60000000  1.60000000 -2.200000000000e+00
 0.60000000  1.70000000 -2.530000000000e+00
 0.60000000  1.80000000 -2.880000000000e+00
 0.60000000  1.90000000 -3.250000000000e+00
 0.60000000  2.00000000 -3.640000000000e+00
 0.70000000 -2.00000000 -3.510000000000e+00
 0.70000000 -1.90000000 -3.120000000000e+00
 0.70000000 -1.80000000 -2.750000000000e+00
 0.70000000 -1.70000000 -2.400000000000e+00
 0.70000000 -1.60000000 -2.070000000000e+00
 0.70000000 -1.50000000 -1.760000000000e+00
 0.70000000 -1.40000000 -1.470000000000e+00
 0.70000000 -1.30000000 -1.200000000000e+00
 0.70000000 -1.20000000 -9.500000000000e-01
 0.70000000 -1.10000000 -7.200000000000e-01
 0.70000000 -1.00000000 -5.100000000000e-01
 0.70000000 -0.90000000 -3.200000000000e-01
 0.70000000 -0.80000000 -1.500000000000e-01
 0.70000000 -0.70000000  3.330669073875e-16
 0.70000000 -0.60000000  1.300000000000e-01
 0.70000000 -0.50000000  2.400000000000e-01
 0.70000000 -0.40000000  3.300000000000e-01
 0.70000000 -0.30000000  4.000000000000e-01
 0.70000000 -0.20000000  4.500000000000e-01
 0.70000000 -0.10000000  4.800000000000e-01
 0.70000000  0.00000000  4.900000000000e-01
 0.70000000  0.10000000  4.800000000000e-01
 0.70000000  0.20000000  4.500000000000e-01
 0.70000000  0.30000000  4.000000000000e-01
 0.70000000  0.40000000  3.300000000000e-01
 0.70000000  0.50000000  2.400000000000e-01
 0.70000000  0.60000000  1.300000000000e-01
 0.70000000  0.70000000  0.000000000000e+00
 0.70000000  0.80000000 -1.500000000000e-01
 0.70000000  0.90000000 -3.200000000000e-01
 0.70000000  1.00000000 -5.100000000000e-01
 0.70000000  1.10000000 -7.200000000000e-01
 0.70000000  1.20000000 -9.500000000000e-01
 0.70000000  1.30000000 -1.200000000000e+00
 0.70000000  1.40000000 -1.470000000000e+00
 0.70000000  1.50000000 -1.760000000000e+00
 0.70000000  1.60000000 -2.070000000000e+00
 0.70000000  1.70000000 -2.400000000000e+00
 0.70000000  1.80000000 -2.750000000000e+00
 0.70000000  1.90000000 -3.120000000000e+00
 0.70000000  2.00000000 -3.510000000000e+00
 0.80000000 -2.00000000 -3.360000000000e+00
 0.80000000 -1.90000000 -2.970000000000e+00
 0.80000000 -1.80000000 -2.600000000000e+00
 0.80000000 -1.70000000 -2.250000000000e+00
 0.80000000 -1.60000000 -1.920000000000e+00
 0.80000000 -1.50000000 -1.610000000000e+00
 0.80000000 -1.40000000 -1.320000000000e+00
 0.80000000 -1.30000000 -1.050000000000e+00
 0.80000000 -1.20000000 -8.000000000000e-01
 0.80000000 -1.10000000 -5.700000000000e-01
 0.80000000 -1.00000000 -3.600000000000e-01
 0.80000000 -0.90000000 -1.700000000000e-01
 0.80000000 -0.80000000  7.771561172376e-16
 0.80000000 -0.70000000  1.500000000000e-01
 0.80000000 -0.60000000  2.800000000000e-01
 0.80000000 -0.50000000  3.900000000000e-01
 0.80000000 -0.40000000  4.800000000000e-01
 0.80000000 -0.30000000  5.500000000000e-01
 0.80000000 -0.20000000  6.000000000000e-01
 0.80000000 -0.10000000  6.300000000000e-01
 0.80000000  0.00000000  6.400000000000e-01
 0.80000000  0.10000000  6.300000000000e-01
 0.80000000  0.20000000  6.000000000000e-01
 0.80000000  0.30000000  5.500000000000e-01
 0.80000000  0.40000000  4.800000000000e-01
 0.80000000  0.50000000  3.900000000000e-01
 0.80000000  0.60000000  2.800000000000e-01
 0.80000000  0.70000000  1.500000000000e-01
 0.80000000  0.80000000  0.000000000000e+00
 0.80000000  0.90000000 -1.700000000000e-01
 0.80000000  1.00000000 -3.600000000000e-01
 0.80000000  1.10000000 -5.700000000000e-01
 0.80000000  1.20000000 -8.000000000000e-01
 0.80000000  1.30000000 -1.050000000000e+00
 0.80000000  1.40000000 -1.320000000000e+00
 0.80000000  1.50000000 -1.610000000000e+00
 0.80000000  1.60000000 -1.920000000000e+00
 0.80000000  1.70000000 -2.250000000000e+00
 0.80000000  1.80000000 -2.600000000000e+00
 0.80000000  1.90000000 -2.970000000000e+00
 0.80000000  2.00000000 -3.360000000000e+00
 0.90000000 -2.00000000 -3.190000000000e+00
 0.90000000 -1.90000000 -2.800000000000e+00
 0.90000000 -1.80000000 -2.430000000000e+00
 0.90000000 -1.70000000 -2.080000000000e+00
 0.90000000 -1.60000000 -1.750000000000e+00
 0.90000000 -1.50000000 -1.440000000000e+00
 0.90000000 -1.40000000 -1.150000000000e+00
 0.90000000 -1.30000000 -8.800000000000e-01
 0.90000000 -1.20000000 -6.300000000000e-01
 0.90000000 -1.10000000 -4.000000000000e-01
 0.90000000 -1.00000000 -1.900000000000e-01
 0.90000000 -0.90000000  7.771561172376e-16
 0.90000000 -0.80000000  1.700000000000e-01
 0.90000000 -0.70000000  3.200000000000e-01
 0.90000000 -0.60000000  4.500000000000e-01
 0.90000000 -0.50000000  5.600000000000e-01
 0.90000000 -0.40000000  6.500000000000e-01
 0.90000000 -0.30000000  7.200000000000e-01
 0.90000000 -0.20000000  7.700000000000e-01
 0.90000000 -0.10000000  8.000000000000e-01
 0.90000000  0.00000000  8.100000000000e-01
 0.90000000  0.10000000  8.000000000000e-01
 0.90000000  0.20000000  7.700000000000e-01
 0.90000000  0.30000000  7.200000000000e-01
 0.90000000  0.40000000  6.500000000000e-01
 0.90000000  0.50000000  5.600000000000e-01
 0.90000000  0.60000000  4.500000000000e-01
 0.90000000  0.70000000  3.200000000000e-01
 0.90000000  0.80000000  1.700000000000e-01
 0.90000000  0.90000000  0.000000000000e+00
 0.90000000  1.00000000 -1.900000000000e-01
 0.90000000  1.10000000 -4.000000000000e-01
 0.90000000  1.20000000 -6.300000000000e-01
 0.90000000  1.30000000 -8.800000000000e-01
 0.90000000  1.40000000 -1.150000000000e+00
 0.90000000  1.50000000 -1.440000000000e+00
 0.90000000  1.60000000 -1.750000000000e+00
 0.90000000  1.70000000 -2.080000000000e+00
 0.90000000  1.80000000 -2.430000000000e+00
 0.90000000  1.90000000 -2.800000000000e+00
 0.90000000  2.00000000 -3.190000000000e+00
 1.00000000 -2.00000000 -3.000000000000e+00
 1.00000000 -1.90000000 -2.610000000000e+00
 1.00000000 -1.80000000 -2.240000000000e+00
 1.00000000 -1.70000000 -1.890000000000e+00
 1.00000000 -1.60000000 -1.560000000000e+00
 1.00000000 -1.50000000 -1.250000000000e+00
 1.00000000 -1.40000000 -9.600000000000e-01
 1.00000000 -1.30000000 -6.900000000000e-01
 1.00000000 -1.20000000 -4.400000000000e-01
 1.00000000 -1.10000000 -2.100000000000e-01
 1.00000000 -1.00000000  0.000000000000e+00
 1.00000000 -0.90000000  1.900000000000e-01
 1.00000000 -0.80000000  3.600000000000e-01
 1.00000000 -0.70000000  5.100000000000e-01
 1.00000000 -0.60000000  6.400000000000e-01
 1.00000000 -0.50000000  7.500000000000e-01
 1.00000000 -0.40000000  8.400000000000e-01
 1.00000000 -0.30000000  9.100000000000e-01
 1.00000000 -0.20000000  9.600000000000e-01
 1.00000000 -0.10000000  9.900000000000e-01
 1.00000000  0.00000000  1.000000000000e+00
 1.00000000  0.10000000  9.900000000000e-01
 1.00000000  0.20000000  9.600000000000e-01
 1.00000000  0.30000000  9.100000000000e-01
 1.00000000  0.40000000  8.400000000000e-01
 1.00000000  0.50000000  7.500000000000e-01
 1.00000000  0.60000000  6.400000000000e-01
 1.00000000  0.70000000  5.100000000000e-01
 1.00000000  0.80000000  3.600000000000e-01
 1.00000000  0.90000000  1.900000000000e-01
 1.00000000  1.00000000  0.000000000000e+00
 1.00000000  1.10000000 -2.100000000000e-01
 1.00000000  1.20000000 -4.400000000000e-01
 1.00000000  1.30000000 -6.900000000000e-01
 1.00000000  1.40000000 -9.600000000000e-01
 1.00000000  1.50000000 -1.250000000000e+00
 1.00000000  1.60000000 -1.560000000000e+00
 1.00000000  1.70000000 -1.890000000000e+00
 1.00000000  1.80000000 -2.240000000000e+00
 1.00000000  1.90000000 -2.610000000000e+00
 1.00000000  2.00000000 -3.000000000000e+00
 1.10000000 -2.00000000 -2.790000000000e+00
 1.10000000 -1.90000000 -2.400000000000e+00
 1.10000000 -1.80000000 -2.030000000000e+00
 1.10000000 -1.70000000 -1.680000000000e+00
 1.10000000 -1.60000000 -1.350000000000e+00
 1.10000000 -1.50000000 -1.040000000000e+00
 1.10000000 -1.40000000 -7.500000000000e-01
 1.10000000 -1.30000000 -4.800000000000e-01
 1.10000000 -1.20000000 -2.300000000000e-01
 1.10000000 -1.10000000  0.000000000000e+00
 1.10000000 -1.00000000  2.100000000000e-01
 1.10000000 -0.90000000  4.000000000000e-01
 1.10000000 -0.80000000  5.700000000000e-01
 1.10000000 -0.70000000  7.200000000000e-01
 1.10000000 -0.60000000  8.500000000000e-01
 1.10000000 -0.50000000  9.600000000000e-01
 1.10000000 -0.40000000  1.050000000000e+00
 1.10000000 -0.30000000  1.120000000000e+00
 1.10000000 -0.20000000  1.170000000000e+00
 1.10000000 -0.10000000  1.200000000000e+00
 1.10000000  0.00000000  1.210000000000e+00
 1.10000000  0.10000000  1.200000000000e+00
 1.10000000  0.20000000  1.170000000000e+00
 1.10000000  0.30000000  1.120000000000e+00
 1.10000000  0.40000000  1.050000000000e+00
 1.10000000  0.50000000  9.600000000000e-01
 1.10000000  0.60000000  8.500000000000e-01
 1.10000000  0.70000000  7.200000000000e-01
 1.10000000  0.80000000  5.700000000000e-01
 1.10000000  0.90000000  4.000000000000e-01
 1.10000000  1.00000000  2.100000000000e-01
 1.10000000  1.10000000  0.000000000000e+00
 1.10000000  1.20000000 -2.300000000000e-01
 1.10000000  1.30000000 -4.800000000000e-01
 1.10000000  1.40000000 -7.500000000000e-01
 1.10000000  1.50000000 -1.040000000000e+00
 1.10000000  1.60000000 -1.350000000000e+00
 1.10000000  1.70000000 -1.680000000000e+00
 1.10000000  1.80000000 -2.030000000000e+00
 1.10000000  1.90000000 -2.400000000000e+00
 1.10000000  2.00000000 -2.790000000000e+00
 1.20000000 -2.00000000 -2.560000000000e+00
 1.20000000 -1.90000000 -2.170000000000e+00
 1.20000000 -1.80000000 -1.800000000000e+00
 1.20000000 -1.70000000 -1.450000000000e+00
 1.20000000 -1.60000000 -1.120000000000e+00
 1.20000000 -1.50000000 -8.100000000000e-01
 1.20000000 -1.40000000 -5.200000000000e-01
 1.20000000 -1.30000000 -2.500000000000e-01
 1.20000000 -1.20000000  4.440892098501e-16
 1.20000000 -1.10000000  2.300000000000e-01
 1.20000000 -1.00000000  4.400000000000e-01
 1.20000000 -0.90000000  6.300000000000e-01
 1.20000000 -0.80000000  8.000000000000e-01
 1.20000000 -0.70000000  9.500000000000e-01
 1.20000000 -0.60000000  1.080000000000e+00
 1.20000000 -0.50000000  1.190000000000e+00
 1.20000000 -0.40000000  1.280000000000e+00
 1.20000000 -0.30000000  1.350000000000e+00
 1.20000000 -0.20000000  1.400000000000e+00
 1.20000000 -0.10000000  1.430000000000e+00
 1.20000000  0.00000000  1.440000000000e+00
 1.20000000  0.10000000  1.430000000000e+00
 1.20000000  0.20000000  1.400000000000e+00
 1.20000000  0.30000000  1.350000000000e+00
 1.20000000  0.40000000  1.280000000000e+00
 1.20000000  0.50000000  1.190000000000e+00
 1.20000000  0.60000000  1.080000000000e+00
 1.20000000  0.70000000  9.500000000000e-01
 1.20000000  0.80000000  8.000000000000e-01
 1.20000000  0.90000000  6.300000000000e-01
 1.20000000  1.00000000  4.400000000000e-01
 1.20000000  1.10000000  2.300000000000e-01
 1.20000000  1.20000000  0.000000000000e+00
 1.20000000  1.30000000 -2.500000000000e-01
 1.20000000  1.40000000 -5.200000000000e-01
 1.20000000  1.50000000 -8.100000000000e-01
 1.20000000  1.60000000 -1.120000000000e+00
 1.20000000  1.70000000 -1.450000000000e+00
 1.20000000  1.80000000 -1.800000000000e+00
 1.20000000  1.90000000 -2.170000000000e+00
 1.20000000  2.00000000 -2.560000000000e+00
 1.30000000 -2.00000000 -2.310000000000e+00
 1.30000000 -1.90000000 -1.920000000000e+00
 1.30000000 -1.80000000 -1.550000000000e+00
 1.30000000 -1.70000000 -1.200000000000e+00
 1.30000000 -1.60000000 -8.700000000000e-01
 1.30000000 -1.50000000 -5.600000000000e-01
 1.30000000 -1.40000000 -2.700000000000e-01
 1.30000000 -1.30000000  1.110223024625e-15
 1.30000000 -1.20000000  2.500000000000e-01
 1.30000000 -1.10000000  4.800000000000e-01
 1.30000000 -1.00000000  6.900000000000e-01
 1.30000000 -0.90000000  8.800000000000e-01
 1.30000000 -0.80000000  1.050000000000e+00
 1.30000000 -0.70000000  1.200000000000e+00
 1.30000000 -0.60000000  1.330000000000e+00
 1.30000000 -0.50000000  1.440000000000e+00
 1.30000000 -0.40000000  1.530000000000e+00
 1.30000000 -0.30000000  1.600000000000e+00
 1.30000000 -0.20000000  1.650000000000e+00
 1.30000000 -0.10000000  1.680000000000e+00
 1.30000000  0.00000000  1.690000000000e+00
 1.30000000  0.10000000  1.680000000000e+00
 1.30000000  0.20000000  1.650000000000e+00
 1.30000000  0.30000000  1.600000000000e+00
 1.30000000  0.40000000  1.530000000000e+00
 1.30000000  0.50000000  1.440000000000e+00
 1.30000000  0.60000000  1.330000000000e+00
 1.30000000  0.70000000  1.200000000000e+00
 1.30000000  0.80000000  1.050000000000e+00
 1.30000000  0.90000000  8.800000000000e-01
 1.30000000  1.00000000  6.900000000000e-01
 1.30000000  1.10000000  4.800000000000e-01
 1.30000000  1.20000000  2.500000000000e-01
 1.30000000  1.30000000  0.000000000000e+00
 1.30000000  1.40000000 -2.700000000000e-01
 1.30000000  1.50000000 -5.600000000000e-01
 1.30000000  1.60000000 -8.700000000000e-01
 1.30000000  1.70000000 -1.200000000000e+00
 1.30000000  1.80000000 -1.550000000000e+00
 1.30000000  1.90000000 -1.920000000000e+00
 1.30000000  2.00000000 -2.310000000000e+00
 1.40000000 -2.00000000 -2.040000000000e+00
 1.40000000 -1.90000000 -1.650000000000e+00
 1.40000000 -1.80000000 -1.280000000000e+00
 1.40000000 -1.70000000 -9.300000000000e-01
 1.40000000 -1.60000000 -6.000000000000e-01
 1.40000000 -1.50000000 -2.900000000000e-01
 1.40000000 -1.40000000  1.332267629550e-15
 1.40000000 -1.30000000  2.700000000000e-01
 1.40000000 -1.20000000  5.200000000000e-01
 1.40000000 -1.10000000  7.500000000000e-01
 1.40000000 -1.00000000  9.600000000000e-01
 1.40000000 -0.90000000  1.150000000000e+00
 1.40000000 -0.80000000  1.320000000000e+00
 1.40000000 -0.70000000  1.470000000000e+00
 1.40000000 -0.60000000  1.600000000000e+00
 1.40000000 -0.50000000  1.710000000000e+00
 1.40000000 -0.40000000  1.800000000000e+00
 1.40000000 -0.30000000  1.870000000000e+00
 1.40000000 -0.20000000  1.920000000000e+00
 1.40000000 -0.10000000  1.950000000000e+00
 1.40000000  0.00000000  1.960000000000e+00
 1.40000000  0.10000000  1.950000000000e+00
 1.40000000  0.20000000  1.920000000000e+00
 1.40000000  0.30000000  1.870000000000e+00
 1.40000000  0.40000000  1.800000000000e+00
 1.40000000  0.50000000  1.710000000000e+00
 1.40000000  0.60000000  1.600000000000e+00
 1.40000000  0.70000000  1.470000000000e+00
 1.40000000  0.80000000  1.320000000000e+00
 1.40000000  0.90000000  1.150000000000e+00
 1.40000000  1.00000000  9.600000000000e-01
 1.40000000  1.10000000  7.500000000000e-01
 1.40000000  1.20000000  5.200000000000e-01
 1.40000000  1.30000000  2.700000000000e-01
 1.40000000  1.40000000  0.000000000000e+00
 1.40000000  1.50000000 -2.900000000000e-01
 1.40000000  1.60000000 -6.000000000000e-01
 1.40000000  1.70000000 -9.300000000000e-01
 1.40000000  1.80000000 -1.280000000000e+00
 1.40000000  1.90000000 -1.650000000000e+00
 1.40000000  2.00000000 -2.040000000000e+00
 1.50000000 -2.00000000 -1.750000000000e+00
 1.50000000 -1.90000000 -1.360000000000e+00
 1.50000000 -1.80000000 -9.900000000000e-01
 1.50000000 -1.70000000 -6.400000000000e-01
 1.50000000 -1.60000000 -3.100000000000e-01
 1.50000000 -1.50000000  0.000000000000e+00
 1.50000000 -1.40000000  2.900000000000e-01
 1.50000000 -1.30000000  5.600000000000e-01
 1.50000000 -1.20000000  8.100000000000e-01
 1.50000000 -1.10000000  1.040000000000e+00
 1.50000000 -1.00000000  1.250000000000e+00
 1.50000000 -0.90000000  1.440000000000e+00
 1.50000000 -0.80000000  1.610000000000e+00
 1.50000000 -0.70000000  1.760000000000e+00
 1.50000000 -0.60000000  1.890000000000e+00
 1.50000000 -0.50000000  2.000000000000e+00
 1.50000000 -0.40000000  2.090000000000e+00
 1.50000000 -0.30000000  2.160000000000e+00
 1.50000000 -0.20000000  2.210000000000e+00
 1.50000000 -0.10000000  2.240000000000e+00
 1.50000000  0.00000000  2.250000000000e+00
 1.50000000  0.10000000  2.240000000000e+00
 1.50000000  0.20000000  2.210000000000e+00
 1.50000000  0.30000000  2.160000000000e+00
 1.50000000  0.40000000  2.090000000000e+00
 1.50000000  0.50000000  2.000000000000e+00
 1.50000000  0.60000000  1.890000000000e+00
 1.50000000  0.70000000  1.760000000000e+00
 1.50000000  0.80000000  1.610000000000e+00
 1.50000000  0.90000000  1.440000000000e+00
 1.50000000  1.00000000  1.250000000000e+00
 1.50000000  1.10000000  1.040000000000e+00
 1.50000000  1.20000000  8.100000000000e-01
 1.50000000  1.30000000  5.600000000000e-01
 1.50000000  1.40000000  2.900000000000e-01
 1.50000000  1.50000000  0.000000000000e+00
 1.50000000  1.60000000 -3.100000000000e-01
 1.50000000  1.70000000 -6.400000000000e-01
 1.50000000  1.80000000 -9.900000000000e-01
 1.50000000  1.90000000 -1.360000000000e+00
 1.50000000  2.00000000 -1.750000000000e+00
 1.60000000 -2.00000000 -1.440000000000e+00
 1.60000000 -1.90000000 -1.050000000000e+00
 1.60000000 -1.80000000 -6.800000000000e-01
 1.60000000 -1.70000000 -3.300000000000e-01
 1.60000000 -1.60000000  0.000000000000e+00
 1.60000000 -1.50000000  3.100000000000e-01
 1.60000000 -1.40000000  6.000000000000e-01
 1.60000000 -1.30000000  8.700000000000e-01
 1.60000000 -1.20000000  1.120000000000e+00
 1.60000000 -1.10000000  1.350000000000e+00
 1.60000000 -1.00000000  1.560000000000e+00
 1.60000000 -0.90000000  1.750000000000e+00
 1.60000000 -0.80000000  1.920000000000e+00
 1.60000000 -0.70000000  2.070000000000e+00
 1.60000000 -0.60000000  2.200000000000e+00
 1.60000000 -0.50000000  2.310000000000e+00
 1.60000000 -0.40000000  2.400000000000e+00
 1.60000000 -0.30000000  2.470000000000e+00
 1.60000000 -0.20000000  2.520000000000e+00
 1.60000000 -0.10000000  2.550000000000e+00
 1.60000000  0.00000000  2.560000000000e+00
 1.60000000  0.10000000  2.550000000000e+00
 1.60000000  0.20000000  2.520000000000e+00
 1.60000000  0.30000000  2.470000000000e+00
 1.60000000  0.40000000  2.400000000000e+00
 1.60000000  0.50000000  2.310000000000e+00
 1.60000000  0.60000000  2.200000000000e+00
 1.60000000  0.70000000  2.070000000000e+00
 1.60000000  0.80000000  1.920000000000e+00
 1.60000000  0.90000000  1.750000000000e+00
 1.60000000  1.00000000  1.560000000000e+00
 1.60000000  1.10000000  1.350000000000e+00
 1.60000000  1.20000000  1.120000000000e+00
 1.60000000  1.30000000  8.700000000000e-01
 1.60000000  1.40000000  6.000000000000e-01
 1.60000000  1.50000000  3.100000000000e-01
 1.60000000  1.60000000  0.000000000000e+00
 1.60000000  1.70000000 -3.300000000000e-01
 1.60000000  1.80000000 -6.800000000000e-01
 1.60000000  1.90000000 -1.050000000000e+00
 1.60000000  2.00000000 -1.440000000000e+00
 1.70000000 -2.00000000 -1.110000000000e+00
 1.70000000 -1.90000000 -7.200000000000e-01
 1.70000000 -1.80000000 -3.500000000000e-01
 1.70000000 -1.70000000  8.881784197001e-16
 1.70000000 -1.60000000  3.300000000000e-01
 1.70000000 -1.50000000  6.400000000000e-01
 1.70000000 -1.40000000  9.300000000000e-01
 1.70000000 -1.30000000  1.200000000000e+00
 1.70000000 -1.20000000  1.450000000000e+00
 1.70000000 -1.10000000  1.680000000000e+00
 1.70000000 -1.00000000  1.890000000000e+00
 1.70000000 -0.90000000  2.080000000000e+00
 1.70000000 -0.80000000  2.250000000000e+00
 1.70000000 -0.70000000  2.400000000000e+00
 1.70000000 -0.60000000  2.530000000000e+00
 1.70000000 -0.50000000  2.640000000000e+00
 1.70000000 -0.40000000  2.730000000000e+00
 1.70000000 -0.30000000  2.800000000000e+00
 1.70000000 -0.20000000  2.850000000000e+00
 1.70000000 -0.10000000  2.880000000000e+00
 1.70000000  0.00000000  2.890000000000e+00
 1.70000000  0.10000000  2.880000000000e+00
 1.70000000  0.20000000  2.850000000000e+00
 1.70000000  0.30000000  2.800000000000e+00
 1.70000000  0.40000000  2.730000000000e+00
 1.70000000  0.50000000  2.640000000000e+00
 1.70000000  0.60000000  2.530000000000e+00
 1.70000000  0.70000000  2.400000000000e+00
 1.70000000  0.80000000  2.250000000000e+00
 1.70000000  0.90000000  2.080000000000e+00
 1.70000000  1.00000000  1.890000000000e+00
 1.70000000  1.10000000  1.680000000000e+00
 1.70000000  1.20000000  1.450000000000e+00
 1.70000000  1.30000000  1.200000000000e+00
 1.70000000  1.40000000  9.300000000000e-01
 1.70000000  1.50000000  6.400000000000e-01
 1.70000000  1.60000000  3.300000000000e-01
 1.70000000  1.70000000  0.000000000000e+00
 1.70000000  1.80000000 -3.500000000000e-01
 1.70000000  1.90000000 -7.200000000000e-01
 1.70000000  2.00000000 -1.110000000000e+00
 1.80000000 -2.00000000 -7.600000000000e-01
 1.80000000 -1.90000000 -3.700000000000e-01
 1.80000000 -1.80000000  8.881784197001e-16
 1.80000000 -1.70000000  3.500000000000e-01
 1.80000000 -1.60000000  6.800000000000e-01
 1.80000000 -1.50000000  9.900000000000e-01
 1.80000000 -1.40000000  1.280000000000e+00
 1.80000000 -1.30000000  1.550000000000e+00
 1.80000000 -1.20000000  1.800000000000e+00
 1.80000000 -1.10000000  2.030000000000e+00
 1.80000000 -1.00000000  2.240000000000e+00
 1.80000000 -0.90000000  2.430000000000e+00
 1.80000000 -0.80000000  2.600000000000e+00
 1.80000000 -0.70000000  2.750000000000e+00
 1.80000000 -0.60000000  2.880000000000e+00
 1.80000000 -0.50000000  2.990000000000e+00
 1.80000000 -0.40000000  3.080000000000e+00
 1.80000000 -0.30000000  3.150000000000e+00
 1.80000000 -0.20000000  3.200000000000e+00
 1.80000000 -0.10000000  3.230000000000e+00
 1.80000000  0.00000000  3.240000000000e+00
 1.80000000  0.10000000  3.230000000000e+00
 1.80000000  0.20000000  3.200000000000e+00
 1.80000000  0.30000000  3.150000000000e+00
 1.80000000  0.40000000  3.080000000000e+00
 1.80000000  0.50000000  2.990000000000e+00
 1.80000000  0.60000000  2.880000000000e+00
 1.80000000  0.70000000  2.750000000000e+00
 1.80000000  0.80000000  2.600000000000e+00
 1.80000000  0.90000000  2.430000000000e+00
 1.80000000  1.00000000  2.240000000000e+00
 1.80000000  1.10000000  2.030000000000e+00
 1.80000000  1.20000000  1.800000000000e+00
 1.80000000  1.30000000  1.550000000000e+00
 1.80000000  1.40000000  1.280000000000e+00
 1.80000000  1.50000000  9.900000000000e-01
 1.80000000  1.60000000  6.800000000000e-01
 1.80000000  1.70000000  3.500000000000e-01
 1.80000000  1.80000000  0.000000000000e+00
 1.80000000  1.90000000 -3.700000000000e-01
 1.80000000  2.00000000 -7.600000000000e-01
 1.90000000 -2.00000000 -3.900000000000e-01
 1.90000000 -1.90000000  1.332267629550e-15
 1.90000000 -1.80000000  3.700000000000e-01
 1.90000000 -1.70000000  7.200000000000e-01
 1.90000000 -1.60000000  1.050000000000e+00
 1.90000000 -1.50000000  1.360000000000e+00
 1.90000000 -1.40000000  1.650000000000e+00
 1.90000000 -1.30000000  1.920000000000e+00
 1.90000000 -1.20000000  2.170000000000e+00
 1.90000000 -1.10000000  2.400000000000e+00
 1.90000000 -1.00000000  2.610000000000e+00
 1.90000000 -0.90000000  2.800000000000e+00
 1.90000000 -0.80000000  2.970000000000e+00
 1.90000000 -0.70000000  3.120000000000e+00
 1.90000000 -0.60000000  3.250000000000e+00
 1.90000000 -0.50000000  3.360000000000e+00
 1.90000000 -0.40000000  3.450000000000e+00
 1.90000000 -0.30000000  3.520000000000e+00
 1.90000000 -0.20000000  3.570000000000e+00
 1.90000000 -0.10000000  3.600000000000e+00
 1.90000000  0.00000000  3.610000000000e+00
 1.90000000  0.10000000  3.600000000000e+00
 1.90000000  0.20000000  3.570000000000e+00
 1.90000000  0.30000000  3.520000000000e+00
 1.90000000  0.40000000  3.450000000000e+00
 1.90000000  0.50000000  3.360000000000e+00
 1.90000000  0.60000000  3.250000000000e+00
 1.90000000  0.70000000  3.120000000000e+00
 1.90000000  0.80000000  2.970000000000e+00
 1.90000000  0.90000000  2.800000000000e+00
 1.90000000  1.00000000  2.610000000000e+00
 1.90000000  1.10000000  2.400000000000e+00
 1.90000000  1.20000000  2.170000000000e+00
 1.90000000  1.30000000  1.920000000000e+00
 1.90000000  1.40000000  1.650000000000e+00
 1.90000000  1.50000000  1.360000000000e+00
 1.90000000  1.60000000  1.050000000000e+00
 1.90000000  1.70000000  7.200000000000e-01
 1.90000000  1.80000000  3.700000000000e-01
 1.90000000  1.90000000  0.000000000000e+00
 1.90000000  2.00000000 -3.900000000000e-01
 2.00000000 -2.00000000  0.000000000000e+00
 2.00000000 -1.90000000  3.900000000000e-01
 2.00000000 -1.80000000  7.600000000000e-01
 2.00000000 -1.70000000  1.110000000000e+00
 2.00000000 -1.60000000  1.440000000000e+00
 2.00000000 -1.50000000  1.750000000000e+00
 2.00000000 -1.40000000  2.040000000000e+00
 2.00000000 -1.30000000  2.310000000000e+00
 2.00000000 -1.20000000  2.560000000000e+00
 2.00000000 -1.10000000  2.790000000000e+00
 2.00000000 -1.00000000  3.000000000000e+00
 2.00000000 -0.90000000  3.190000000000e+00
 2.00000000 -0.80000000  3.360000000000e+00
 2.00000000 -0.70000000  3.510000000000e+00
 2.00000000 -0.60000000  3.640000000000e+00
 2.00000000 -0.50000000  3.750000000000e+00
 2.00000000 -0.40000000  3.840000000000e+00
 2.00000000 -0.30000000  3.910000000000e+00
 2.00000000 -0.20000000  3.960000000000e+00
 2.00000000 -0.10000000  3.990000000000e+00
 2.00000000  0.00000000  4.000000000000e+00
 2.00000000  0.10000000  3.990000000000e+00
 2.00000000  0.20000000  3.960000000000e+00
 2.00000000  0.30000000  3.910000000000e+00
 2.00000000  0.40000000  3.840000000000e+00
 2.00000000  0.50000000  3.750000000000e+00
 2.00000000  0.60000000  3.640000000000e+00
 2.00000000  0.70000000  3.510000000000e+00
 2.00000000  0.80000000  3.360000000000e+00
 2.00000000  0.90000000  3.190000000000e+00
 2.00000000  1.00000000  3.000000000000e+00
 2.00000000  1.10000000  2.790000000000e+00
 2.00000000  1.20000000  2.560000000000e+00
 2.00000000  1.30000000  2.310000000000e+00
 2.00000000  1.40000000  2.040000000000e+00
 2.00000000  1.50000000  1.750000000000e+00
 2.00000000  1.60000000  1.440000000000e+00
 2.00000000  1.70000000  1.110000000000e+00
 2.00000000  1.80000000  7.600000000000e-01
 2.00000000  1.90000000  3.900000000000e-01
 2.00000000  2.00000000  0.000000000000e+00